4294967294,346
4294967294,345
4294967294,344
4294967294,343
4294967294,342
4294967294,341
4294967294,340
4294967294,339
4294967294,338
4294967294,337
4294967294,336
4294967294,335
4294967294,334
4294967294,333
4294967294,332
4294967294,331
4294967294,330
4294967279,215
4294967278,213
4294967294,452
4294967279,214
4294967278,212
4294967279,213
4294967278,211
4294967279,212
4294967278,210
4294967279,211
4294967278,209
4294967279,210
4294967278,208
4294967294,451
4294967279,209
4294967278,207
4294967279,208
4294967278,206
4294967294,422
4294967279,207
4294967278,205
4294967279,206
4294967278,204
4294967279,205
4294967278,203
4294967279,204
4294967294,421
4294967294,407
4294967294,450
4294967278,202
4294967294,420
4294967294,415
4294967279,203
4294967294,449
4294967278,201
4294967279,202
4294967278,200
4294967279,201
4294967278,199
4294967294,419
4294967294,448
4294967294,418
4294967279,200
4294967294,417
4294967278,198
4294967279,199
4294967278,197
4294967279,198
4294967294,416
4294967278,196
4294967279,197
4294967278,195
4294967294,411
4294967279,196
4294967278,194
4294967279,195
4294967278,193
4294967279,194
4294967278,192
4294967294,414
4294967294,413
4294967294,399
4294967279,193
4294967278,191
4294967279,192
4294967278,190
4294967279,191
4294967278,189
4294967279,190
4294967278,188
4294967279,189
4294967278,187
4294967279,188
4294967294,412
4294967278,186
4294967279,187
4294967278,185
4294967294,406
4294967279,186
4294967278,184
4294967294,410
4294967279,185
4294967278,183
4294967279,184
4294967278,182
4294967294,409
4294967294,396
4294967279,183
4294967294,408
4294967278,181
4294967279,182
4294967294,385
4294967294,403
4294967278,180
4294967294,405
4294967279,181
4294967278,179
4294967279,180
4294967294,404
4294967278,178
4294967279,179
4294967294,398
4294967278,177
4294967279,178
4294967294,402
4294967278,176
4294967279,177
4294967278,175
4294967278,174
4294967294,401
4294967279,176
4294967278,173
4294967279,175
4294967279,174
4294967278,172
4294967279,173
4294967294,400
4294967294,187
4294967278,171
4294967294,384
4294967279,172
4294967294,397
4294967294,395
4294967294,29
4294967278,170
4294967279,171
4294967278,169
4294967279,170
4294967294,394
4294967278,168
4294967294,393
4294967294,392
4294967294,45
4294967279,169
4294967278,167
4294967279,168
4294967278,166
4294967279,167
4294967278,165
4294967294,391
4294967279,166
4294967278,164
4294967279,165
4294967278,163
4294967279,164
4294967294,390
4294967294,389
4294967294,388
4294967294,387
4294967294,386
4294967278,162
4294967294,44
4294967279,163
4294967294,179
4294967278,161
4294967279,162
4294967278,160
4294967294,183
4294967279,161
4294967278,159
4294967294,191
4294967279,160
4294967278,158
4294967279,159
4294967278,157
4294967279,158
4294967294,329
4294967294,328
4294967294,327
4294967294,326
4294967294,325
4294967294,324
4294967294,323
4294967294,322
4294967294,321
4294967294,320
4294967294,319
4294967294,318
4294967294,317
4294967294,316
4294967294,315
4294967294,314
4294967294,313
4294967279,157
4294967278,156
4294967279,156
4294967294,190
4294967278,155
4294967294,189
4294967279,155
4294967278,154
4294967279,154
4294967294,188
4294967278,153
4294967294,186
4294967294,28
4294967279,153
4294967294,185
4294967278,152
4294967294,184
4294967294,168
4294967279,152
4294967278,151
4294967294,182
4294967279,151
4294967294,181
4294967278,150
4294967294,180
4294967279,150
4294967278,149
4294967279,149
4294967294,178
4294967294,27
4294967294,177
4294967294,176
4294967278,148
4294967279,148
4294967294,175
4294967278,147
4294967294,174
4294967279,147
4294967294,173
4294967278,146
4294967294,172
